pdbid	pdb_chain	dG	RF_{13}	RF_{174}	RF_{1428}	XGBoost_{13}	MLP_{13}	MLP_{174}	MLP_{1428}	RF_{5120}	XGBoost_{5120}	MLP_{5120}	SC_{5120}	MHA_{5120}	AvgEns	WtdAvgEns	LREns	RFEns	RF_{5120, 13}	RF_{5120, 174}	RF_{5120, 1428}	MLP_{5120, 13}	MLP_{5120, 174}	MLP_{5120, 1428}	MLP_{5120////256, 13/208}	MLP_{5120///512, 13//416}	PPI-Affinity	PPA_Pred2	Minpredictor	PRODIGY	ISLAND	FoldX	MMPBSA	Rosetta	ZRANK	ZRANK2	RosettaDock	pyDock_Tot	Sipper	AP_Pisa	FireDock	FireDock_AB	FireDock_EI	CP_PIE
1a2k	1a2k_AB_C	-9.304295764653524	-9.832512804538736	-9.183555068623455	-8.786738227324058	-9.791618	-9.621049880981444	-9.300142936706544	-9.216620025634764	-10.196956763321612	-11.829501	-10.110116329193117	-10.406775465011595	-9.694174890518187	-9.971314566865926	-9.974144529253923	-9.814423589941878	-9.291550309432523	-10.212167023668195	-10.008708368439388	-9.445331229227651	-8.502328305244445	-9.613055934906008	-8.946973276138303	-8.918686208724974	-8.870818758010865	-8.9			-9.0		-11.2472	-93.4332171	-42.914	-99.7274	-268.407	-9.291	-32.097	8.517	-0.2445	-59.05	-71.0	-28.04	1.167028
1ahw	1ahw_AB_C	-11.546699675549744	-10.81256179383505	-10.955106954131145	-10.607510701025186	-11.360572	-10.065335588455198	-10.8180029964447	-11.069816398620606	-10.163166795427143	-10.487945	-10.05779571533203	-10.071361970901489	-9.931052522659302	-10.43517875458354	-10.427484473264316	-10.38291980208525	-9.677524675301074	-10.310961492656885	-10.76311964316606	-10.51707010272435	-10.919328746795651	-12.215685386657716	-11.609349907769095	-10.820912590026856	-10.690370874404907	-10.2			-13.7		4.75966	-13.7379986	0.57	-85.4183	-173.923	-3.946	-9.974	-1.298	-0.0288	-36.54	-67.22	-3.33	1.475723
1akj	1akj_AB_DE	-5.317085441526548	-10.037083972766244	-9.614630711610603	-9.811733082631337	-8.888162	-9.208032668828965	-9.153362607955932	-10.354674434661865	-10.18968456551842	-10.259729	-10.119976854324342	-9.550781526565553	-9.147759370803833	-10.078530413545293	-10.07937544509644	-9.945378343481575	-10.091043839691066	-10.092592654638542	-10.43539017073865	-10.854583284796613	-10.242653970718385	-11.17753122329712	-11.334135765499536	-10.665330743789674	-10.32204055786133				-7.3		6.75264	-78.1675529	-72.735	-109.341	-231.729	-5.107	-16.39	-3.589	-0.2936	-45.19	-67.13	-4.81	1.07173
1bvk	1bvk_DE_F	-10.52895986909075	-11.213155478680996	-10.433872289914618	-10.747668660124264	-11.109023	-9.45247784614563	-9.550739984512328	-9.754843397140505	-10.296987649572104	-10.70501	-10.260748596191409	-10.135991115570068	-9.7514098072052	-10.736952037436202	-10.727242954459427	-10.747955328816186	-10.388322952838712	-10.214168530774083	-10.138943621874686	-9.989967075811355	-9.609718208312987	-10.33641354560852	-9.690328907966611	-9.710698623657226	-9.791915979385376	-12.4			-11.3		-4.84564	-44.4729906	-19.396	-46.2545	-198.981	-4.731	-20.511	2.849	-0.2841	-11.32	-25.49	8.88	0.869666
1c4z	1c4z_ABC_D	-7.227873761121292	-9.401228975633089	-9.328102917010789	-8.93092493234163	-9.691422	-10.310242307186126	-9.677980153560638	-9.533301923274994	-9.33698662777168	-8.677091	-9.090158462524412	-8.916127500534058	-8.728463888168337	-9.245693719078751	-9.24252258552341	-8.94747835608435	-8.49764484489626	-9.411684750891265	-8.961522965610632	-9.286635998893187	-8.431059398651124	-9.992968368530274	-9.053154579136104	-9.025249195098876	-8.590358438491823	-9.2			-9.2		3.39469	-63.1104808	0.627	-90.1874	-233.512	-2.463	-40.354	7.171	-0.3343	-35.91	-54.23	-7.83	1.136541
1cz8	1cz8_HL_VW	-14.125191179960767	-10.633113564215364	-12.086957037006034	-12.455331877820134	-11.0574	-11.223317203521727	-12.755591945648192	-12.692871627807616	-10.446612759652153	-9.879697	-10.816482906341552	-10.300811519622805	-10.148325214385986	-10.724798235278458	-10.726667549949354	-10.72181427988815	-11.295553772804166	-10.356304816830722	-10.73846111079616	-10.685631459015005	-12.448388385772706	-14.599536094665527	-13.898229822847576	-11.477190723419188	-11.52580810546875				-12.8		-9.43926	-108.004999	-19401916.0	-124.179	-467.995	-16.689	-46.158	17.481	-0.4982	-91.92	-101.82	-60.18	2.176743
1de4	1de4_CF_AB	-9.772765067410711	-11.41772563252104	-11.719806847894462	-11.382640693676832	-10.382028	-8.950545606613158	-10.539919996261595	-10.391495653390884	-10.164395946716327	-9.357691	-8.563470869064332	-8.249563598632813	-8.331841554641723	-9.990598250792686	-9.961501236853834	-9.869387990419906	-9.949245760273078	-10.236018838522831	-10.59618888181778	-10.591049487847558	-10.32566388964653	-13.243900451660156	-10.563941464821497	-9.292137184143067	-9.096346893310548				-8.9		-8.54955	-85.3242204	-54.251	-101.601	-305.604	-2.713	-46.297	6.747	-0.3599	-50.39	-71.22	-3.62	1.982963
1dkg	1dkg_D_AB	-8.9806896089358	-9.129114447956528	-8.708805678773727	-8.644340520554115	-7.3304663	-9.639600887298585	-6.898527910411358	-6.676076085567475	-9.164510182770837	-9.367196	-9.133246459960937	-8.378146305084227	-8.020353946685791	-9.131180453958732	-9.131222576761656	-8.806522722914751	-8.68887966900182	-9.138285493206572	-9.355125516556187	-9.289415288144594	-8.282762331962585	-8.24074984550476	-7.046556198596954	-8.869088649749756	-8.798686485290528				-9.7		7.64616	-18.5742785	-62.676	-87.3936	-262.818	-2.072	-15.437	5.149	-0.2734	-44.41	-67.75	-9.53	1.225113
1e4k	1e4k_AB_C	-7.866695130706516	-9.834307384032696	-9.976430378419494	-9.606862374405395	-9.76882	-9.163564447164536	-8.311110849380494	-8.77597276210785	-10.1070151757428	-10.45824	-10.214732265472412	-9.894861307144163	-9.233019437789917	-10.024519824752554	-10.028397974741008	-9.87738618134956	-8.689430243501288	-9.94473198126632	-9.95279787035628	-10.371049574765152	-9.85534854888916	-9.552105474472048	-9.047798591189911	-9.937035036087035	-9.765289850234986	-8.8			-9.4		14.5656	-48.8097802	25.702	-89.7711	-204.205	3.169	-30.357	5.805	-0.2508	-56.92	-64.27	-28.09	1.200173
1e6j	1e6j_HL_P	-10.277405669714089	-10.070155567605177	-9.94088572267322	-9.67180891611593	-10.121593	-8.728723723888397	-9.442031993865967	-9.46277000427246	-9.907839142488362	-9.780778	-8.884482402801513	-8.841594495773316	-8.732926101684571	-9.477318985203343	-9.465231925195628	-9.23499276511523	-9.490894339737109	-9.990301246671685	-9.998888592615303	-9.637433632871325	-9.144222936630248	-10.79140425682068	-9.69883699682024	-9.366293811798096	-9.306204824447631	-9.9			-9.1		-9.26867	-58.4392189	-31.251	-74.022	-180.44	-8.002	-32.735	1.077	-0.2465	-48.96	-57.95	-24.27	1.055766
1eer	1eer_BC_A	-15.587083051526529	-11.595744153034431	-11.8384672615464	-11.302491619302598	-11.279331	-13.424525890350342	-13.850464076995852	-11.747096757888794	-11.93712629634499	-11.625233	-13.376180458068848	-13.585142517089844	-12.88709948539734	-12.48596230555164	-12.504112535393803	-12.824281718788214	-13.72266960499296	-11.855113133972909	-12.306243456599834	-11.609288992921517	-14.55346869468689	-15.89794427871704	-13.723392147488063	-16.0052334022522	-15.692290172576907	-12.4			-13.6		-15.4483	-178.538255	-63.18	-214.905	-586.783	-13.25	-87.796	10.073	-0.7331	-144.58	-190.72	-81.1	2.797767
1ezu	1ezu_AB_C	-13.766983211020817	-10.620310555002415	-10.476611581523247	-12.175622739482458	-10.528751	-11.199191017150875	-11.46025734901428	-13.131659660339356	-10.048866301928262	-10.25754	-9.866809215545656	-9.569464845657349	-9.282940015792844	-10.243559885274037	-10.23587849703294	-10.152390993816194	-8.205889514757862	-10.07080644120562	-10.509533667084796	-11.07751106761011	-10.761368103027346	-12.38614378929138	-13.11181239022149	-10.53471399307251	-10.421189279556277	-11.2			-13.1		-9.32506	-95.9977081	-55.766	-148.935	-436.802	-17.142	-35.08	4.592	-0.6818	-67.83	-87.4	-38.84	2.245444
1fsk	1fsk_BC_A	-13.116435638061915	-10.336381758556554	-11.643651240082471	-11.839070160709015	-10.472308	-10.06409734249115	-11.10249795913696	-11.86411500930786	-10.159514609184823	-9.704856	-9.563591594696046	-9.62724407196045	-9.413397493362428	-9.9499866766263	-9.942108653102425	-9.799420397668849	-9.890203993560196	-10.059428523335187	-10.265435578546958	-10.511433308067472	-10.20102355003357	-12.18186155319214	-12.031639194488523	-10.04434072494507	-9.9894397354126	-10.9			-11.7		1.14986	-82.5542335	-38.266	-105.784	-282.443	-10.058	-47.167	8.291	-0.4212	-76.24	-90.08	-40.96	1.948957
1hcf	1hcf_AB_X	-13.069038034970106	-11.05258039006388	-10.637905414564196	-10.984714430188877	-10.70351	-10.423273553848269	-9.752204761505128	-10.716640634536745	-10.056669842719389	-9.662518	-10.60457438468933	-10.104146966934206	-9.9050186920166	-10.828577387376605	-10.8240102978687	-10.853063785313871	-11.62449616163134	-10.044083105237949	-10.102492564597831	-10.931218995902316	-10.265357179641722	-11.082972621917724	-11.41643557018704	-10.470857057571411	-10.381120691299438	-13.4			-10.7		-4.73026	-62.2080369	-41.7	-93.5954	-245.156	-11.613	-51.833	11.024	-0.3796	-58.94	-77.16	-29.85	1.591974
1i4d	1i4d_AB_D	-7.454552151583138	-9.371465504157817	-9.23495168449974	-9.556079944495858	-9.177474	-8.823704961538315	-9.485166635513306	-9.736731090545652	-8.440715513871904	-10.327874	-9.019845991134645	-8.957459239959718	-8.496522092819212	-9.195655747646232	-9.19207124706044	-8.887694359767087	-8.714752364991512	-8.58980913762519	-8.385868986025706	-8.795682627012411	-7.855533423423769	-10.093369159698486	-9.7081051296658	-8.107052459716796	-8.25494327545166	-8.9			-9.3		-2.29416	-43.1556612	-23.758	-77.6412	-246.023	-1.954	-34.407	13.9	-0.4236	-43.55	-58.01	-7.59	1.413423
1ijk	1ijk_BC_A	-10.414667904069544	-10.336802406109545	-10.10665528438917	-10.47843988969464	-9.538028	-9.871762704849242	-9.728031969070436	-9.524165992736815	-10.54365215707565	-9.692557	-12.090186252593996	-11.67181673049927	-11.29800271987915	-11.213494329351771	-11.231368779409458	-11.293787226867297	-10.35480729354479	-10.492646599056275	-10.390496938362372	-10.087751386959118	-10.93465256690979	-10.90761607170105	-10.372174135843917	-11.931058902740478	-11.542736949920654	-10.4			-10.2		-2.50239	-28.8062882	-13.8	-137.239	-388.859	-4.766	-57.138	9.49	-0.6047	-52.05	-104.4	-0.28	1.521313
1jps	1jps_HL_T	-13.634847882455649	-10.852587256413024	-10.625487620817262	-10.465743600918463	-10.90425	-9.779908695220948	-10.465501937866213	-10.666448774337768	-10.1444585754936	-10.144083	-10.231998977661132	-10.219119472503662	-10.01039653778076	-10.542293117037078	-10.535966679037108	-10.510416571914002	-9.028385182535128	-10.265512592205532	-10.879566345434965	-10.469732978480074	-10.848324480056764	-11.9233030128479	-11.517446358998615	-10.64084369659424	-10.521186771392822	-10.0			-12.9		-15.2025	-71.7193253	-33.805	-89.8484	-186.93	-11.309	-9.741	-5.537	-0.3357	-35.44	-51.57	-6.71	1.283248
1jwh	1jwh_CD_A	-11.13246837284803	-8.899328106279693	-8.853610614802339	-9.0709065666612	-7.7775626	-8.397186429500579	-7.672874267101287	-7.795701603889465	-9.582176467974492	-9.66171	-11.304109783172608	-11.144132385253908	-10.463586864471438	-10.101718944726152	-10.126233913350644	-9.949723160908537	-10.49525440387686	-9.47571405724884	-9.410478091641156	-8.514625007049737	-9.067236814498902	-9.039487533569336	-8.14475456873576	-10.024104051589964	-10.154576559066772	-9.6			-9.5		13.7893	-60.0680156	58.451	-99.2421	-239.099	0.833	-59.626	11.673	-0.3995	-56.33	-73.67	-16.2	1.225669
1kip	1kip_AB_C	-10.696079981814565	-10.95522592816117	-10.470258924096228	-10.884175786676956	-10.299258	-9.379816617965698	-9.362432422637935	-9.901754026412965	-10.28028170568305	-10.496527	-10.06045072555542	-9.850416202545166	-9.513000478744509	-10.507838326858296	-10.498716756185736	-10.471748796810292	-9.542009912018615	-10.157788665926727	-10.090530030954511	-10.022632574865932	-9.451428561210632	-10.08433713912964	-9.771603449185688	-9.447823209762577	-9.52886869430542	-13.6			-10.6		-9.21311	-55.5429454	-33.891	-59.2743	-220.542	-7.064	-21.942	1.727	-0.3994	-17.53	-30.55	4.55	0.856759
1kiq	1kiq_AB_C	-9.001808369260324	-10.868728958108656	-10.306948186714305	-10.916005089210572	-10.526595	-9.362567386627196	-9.456688194274903	-9.804055929183962	-10.2832283432	-10.574917	-10.115946979522706	-9.912128286361696	-9.480107965469362	-10.49233796881568	-10.484663913926024	-10.451661758860975	-9.74301573700602	-10.172333517416766	-10.054220360697416	-10.271539867367409	-9.491928987503051	-10.213806018829349	-9.737032183011372	-9.49488205909729	-9.572172451019288	-13.5			-10.9		-4.86787	-59.1273031	-36.104	-63.0371	-217.739	-7.487	-23.573	2.135	-0.3754	-9.53	-23.95	11.11	0.923167
1kir	1kir_AB_C	-10.109611507164528	-10.761846863324427	-10.48310370790025	-11.051334010555536	-10.559201	-9.40374276161194	-9.42788556098938	-10.222808618545534	-10.295860788209891	-10.646686	-10.102110328674318	-9.891874618530272	-9.55698369026184	-10.431978595999372	-10.425253070517046	-10.3781061567879	-9.633484748701967	-10.169758967991404	-10.164673717528112	-10.176713958193046	-9.54046154499054	-10.288875017166138	-10.200871682167053	-9.492968893051149	-9.570606489181518	-12.4			-10.7		-2.82902	-56.2749126	-32.129	-70.7078	-232.278	-7.164	-18.676	1.162	-0.4004	-9.03	-22.72	8.66	0.842635
1klu	1klu_AB_D	-7.277248507684949	-8.563062961064633	-8.949643473722698	-9.566327414183824	-8.421877	-8.686094052791594	-8.121018657684328	-8.400039496421815	-10.167027407274924	-10.657864	-10.0985284614563	-10.015286283493044	-9.800315628051758	-9.330795711260468	-9.34644864513292	-9.031126055512512	-8.538515513043878	-10.38738129576453	-10.053789124085668	-9.766733087089609	-9.413552384376526	-9.574064035415647	-9.094545120663112	-9.751411886215209	-9.706013145446777	-7.9			-7.8		-4.46951	-36.868335	-24.897	-72.9207	-285.2	-6.687	-30.21	8.609	-0.3292	-31.05	-54.09	1.88	1.163296
1n8o	1n8o_BC_E	-15.540917819159846	-10.686919214465007	-11.15629479731055	-12.268295068210856	-10.368178	-10.380966634750369	-10.760592670440673	-11.39902545928955	-10.866278685550364	-11.260486	-11.144443607330322	-10.975688724517823	-10.932475357055663	-10.915681410897664	-10.920345533318343	-10.948664485358504	-11.337445168705754	-10.794860203066374	-11.305926522768004	-11.279520199247344	-11.103343653678897	-12.184797363281252	-12.083427822589876	-11.399827213287354	-11.432117919921874	-10.3			-12.2		-8.22241	-86.6204536	-46.413	-107.665	-326.507	-13.57	-28.652	7.915	-0.3779	-84.66	-90.99	-61.47	1.97768
1nmb	1nmb_N_HL	-10.010689776130327	-10.996209459681962	-10.931598888902496	-11.511342808920306	-9.615197	-8.93738513469696	-9.524696683883668	-9.885226259231567	-10.713106542779707	-10.894001	-11.511692485809329	-11.501337242126466	-11.337977628707886	-11.253950972745644	-11.259205940518148	-11.355012213993804	-12.30895332884131	-10.856718977831587	-10.705087237464344	-10.435990304322738	-9.853803062438963	-11.060910577774049	-10.404889149136014	-11.508544521331787	-11.21803081512451				-10.2		-3.195	-54.5138306	-54.795	-59.7278	-209.474	-5.687	-28.949	4.583	-0.3862	-33.68	-50.7	1.74	1.104342
1p2c	1p2c_AB_C	-13.623121679081978	-10.87632099996276	-10.734171495350031	-11.647324208550302	-11.16986	-9.548977489471437	-10.85292516708374	-11.819595613479615	-10.203813993367808	-9.836152	-9.859324283599854	-9.589111661911012	-9.335515146255492	-10.367822641781306	-10.357455113272415	-10.304550724790449	-9.24255221837717	-10.262473729695484	-10.3283078842613	-9.687264324891528	-9.928384799957277	-11.641270370483396	-11.757853627204891	-9.91482650756836	-10.038767957687378	-12.0			-11.4		0.552524	-78.88038	-21.953	-87.2163	-231.061	-7.867	-39.609	4.109	0.1196	-47.32	-62.87	-16.08	1.374765
1qab	1qab_ABCD_E	-8.654870971593	-10.453758614654172	-9.874257299260757	-9.31845980763942	-9.911031	-8.70243752002716	-9.075078353881835	-8.87118025779724	-10.184243022412112	-10.791057	-9.50048500061035	-9.524176864624025	-9.174395236968994	-9.977121807632262	-9.967403888969043	-9.833894379654636	-9.753097700700232	-10.125741963526378	-10.45403793992151	-9.94665137872434	-8.924087133407593	-9.973542346954346	-9.07086215549045	-9.38210231781006	-9.536124305725098	-9.5			-8.6		14.7351	-12.4747587	0.263	-88.4769	-198.967	4.205	-8.427	6.059	-0.3664	-44.49	-69.59	-8.71	1.320694
1rlb	1rlb_ABCD_E	-8.173563453037909	-10.148446914632707	-9.67908014221745	-9.166954512038146	-9.295241	-8.437411857843399	-9.174027843475342	-9.21546262741089	-10.24284959602233	-10.480843	-9.333272438049317	-9.372991666793824	-9.2579190158844	-9.740859676341012	-9.732549576131522	-9.548272176834216	-9.024551478442632	-10.102922325073278	-10.58748747478635	-9.854599396871976	-8.73570222377777	-10.139355115890504	-9.337869262695314	-8.85836769104004	-9.0306942653656	-9.6			-9.2		0.881165	-49.0402273	-2.074	-78.1304	-232.415	-1.198	-20.079	4.725	-0.2496	-55.81	-71.88	-20.66	1.105061
1rv6	1rv6_VW_X	-13.85703566424	-9.54515774396088	-9.5959482424148	-9.71727993018433	-10.231964	-9.30444155693054	-8.509395828247069	-8.434044208526611	-10.313227460151507	-9.849692	-11.318833770751953	-11.345775356292725	-10.783522424697876	-10.431995757356416	-10.450077071167398	-10.353444820114696	-10.961915940326	-10.264678457346555	-10.37798922713418	-9.677738200697709	-10.038385725021362	-9.72846561431885	-9.313135170936585	-10.302765979766846	-10.356426010131836	-9.7			-7.4		-11.9279	-54.5297464	-33.222	-63.8985	-279.715	-7.789	-43.704	13.488	-0.374	-49.53	-73.77	-12.56	2.120411
1wdw	1wdw_BD_A	-12.71273582710644	-11.025858671079437	-11.506909424304135	-11.151976692404912	-10.541616	-11.0152057492733	-10.5859485912323	-10.393080530166625	-9.779616517943952	-9.708262	-9.491450834274293	-9.273343105316162	-9.440225868225095	-10.258654752676865	-10.243012600901553	-10.178470695051171	-10.059312700109851	-9.914312512278528	-10.30086121889312	-10.090663023531944	-10.273516874313357	-12.571982469558716	-10.592930481168958	-10.220870084762572	-10.127962465286256	-13.2			-13.0		-0.455578	-54.9594917	-40.754	-161.848	-298.601	-6.957	-59.338	11.657	-0.4644	-91.98	-118.16	-34.55	2.76134
1wej	1wej_HL_F	-12.470843356946396	-10.235968784631968	-10.220148623665574	-10.386294393396163	-10.475896	-9.12756491661072	-9.686278047561643	-9.930211324691772	-9.52652434777887	-9.332622	-8.968284807205201	-8.950110177993775	-8.901565961837766	-9.602126795918585	-9.589203696399403	-9.38596740313931	-9.379685944543324	-9.615728994157468	-9.414347028570898	-9.705269707959028	-9.235970869064332	-11.022922534942628	-10.408111646440297	-9.401909198760986	-9.152046632766725	-9.6			-9.4		-11.6825	-64.8355307	-15.072	-71.7288	-222.087	-7.45	-21.63	1.239	-0.2406	-20.17	-44.37	12.38	1.095421
1xgp	1xgp_AB_C	-7.227873761121292	-11.363027884683005	-11.026972776569918	-11.434349415502869	-10.939648	-9.648918933868408	-11.084556560516358	-11.828032522201536	-10.271797863664084	-10.071389	-9.76399154663086	-9.518726320266724	-9.17974880218506	-10.563509715656933	-10.54720872416426	-10.545864321414928	-9.830819933442632	-10.286869358594553	-10.338335911777094	-10.036511535274377	-10.242144746780395	-12.203759803771971	-11.732537364959718	-10.062478370666504	-10.165264053344725	-12.3			-13.1		2.77632	-58.8782914	-13.287	-49.7542	-222.903	-1.074	-14.257	4.572	-0.2953	-21.08	-33.8	6.1	1.209999
1xgq	1xgq_AB_C	-8.380388992209701	-11.38367244263409	-11.06882449367126	-11.48304870139719	-10.593355	-9.659011764526367	-11.15928674697876	-12.02637804031372	-10.27586923418678	-10.071389	-9.776198635101318	-9.530557193756104	-9.292567329406738	-10.579935538867703	-10.563548533621027	-10.565710037297276	-10.032059462801223	-10.290583549121417	-10.46214663980152	-10.20146903839252	-10.248153772354126	-12.217182693481444	-11.744186560312906	-10.091179208755491	-10.19413749694824	-13.2			-12.7		6.00504	-56.9956346	-19.449	-56.9717	-227.417	-2.658	-18.775	5.089	-0.2358	-20.16	-32.39	8.18	1.22642
1xgr	1xgr_AB_C	-9.487955221161076	-11.108562529988058	-10.892132244371862	-11.40378464236376	-10.6844225	-9.586992383003231	-10.969023361206055	-11.89231191635132	-10.278413595032678	-10.092731	-9.77750473022461	-9.53612774848938	-9.300662841796877	-10.443033630106337	-10.429464481392284	-10.39821445308893	-10.193802138571932	-10.272031405381371	-10.390175905165844	-10.131579911305172	-10.174964203834534	-12.058515167236326	-11.689553801218668	-10.028831634521485	-10.137302608489993	-12.1			-13.3		5.90114	-57.4722524	-14.162	-67.0771	-246.287	-3.17	-15.693	4.714	-0.2454	-25.07	-39.43	3.9	1.237844
1xgt	1xgt_AB_C	-9.426643202278472	-11.057179267648698	-11.080560611064191	-11.468101133245304	-10.750445	-9.739316959381105	-11.086495819091796	-11.892296409606937	-10.255947917342082	-10.052848	-9.777994403839111	-9.53735258102417	-9.139123239517213	-10.417586835743904	-10.404546493203648	-10.367076016695368	-10.427909428252129	-10.289782196177612	-10.357904991045327	-10.142049719421117	-10.27606167793274	-12.19909387588501	-11.688328859541151	-10.11668601989746	-10.217833375930786	-12.0			-13.3		5.80512	-59.5524603	-12.748	-58.9742	-232.871	-1.258	-17.241	4.648	-0.2944	-26.45	-41.44	1.62	1.231191
1xgu	1xgu_AB_C	-11.288309999514553	-11.363475034615378	-11.10032404043441	-11.756497073771117	-10.424511	-9.904280405044556	-11.474739513397216	-12.342665815353394	-10.251870377032226	-10.071389	-9.775277309417726	-9.527142791748046	-9.129254341125488	-10.569376172016552	-10.5531856721567	-10.552811686382771	-9.836532087363246	-10.278670846885753	-10.391203843385568	-10.207934658447249	-10.444753398895264	-12.553079566955567	-12.057850869496663	-10.232366695404052	-10.338159837722776	-12.1			-12.5		7.52239	-70.6946002	-19.527	-71.3273	-269.843	-4.829	-28.263	6.614	-0.2294	-33.42	-44.76	-3.76	1.279911
2b4j	2b4j_AB_C	-10.856847845345175	-8.844444530951815	-7.993349812017239	-7.958489594614536	-8.658921	-8.752201943397521	-8.576999053955078	-7.803780102729796	-9.825736967861204	-9.561728	-10.772728672027588	-10.07975068092346	-9.968895587921144	-9.8085866014897	-9.8282440305494	-9.601920367399403	-8.678301080678864	-9.827484414064456	-9.662772550199197	-9.249512161369807	-8.640393633842468	-9.691291971206663	-8.92968827618493	-9.836941585540773	-9.530497446060185	-8.5			-8.3		-7.46343	-49.7278248	-34.222	-76.4887	-140.898	-7.446	-29.07	3.104	-0.181	-44.59	-58.68	-15.44	0.968988
2b5i	2b5i_BD_A	-13.999724920176622	-10.610674836337166	-10.744692712509371	-10.970328956293184	-10.309495	-11.306738719940183	-11.153852834701537	-11.484906044006348	-11.370096650562695	-11.994154	-12.374441661834716	-12.30530429840088	-12.081234216690063	-11.492558249085942	-11.5105385459268	-11.629393595065643	-11.566025805542091	-11.444067971820028	-11.30641007445408	-11.19939931316424	-12.53664616584778	-13.501991901397709	-13.1128353966607	-13.64361141204834	-13.393097515106202	-9.7			-13.7		-15.4777	15.4020823	-31.881	-186.499	-504.518	-10.175	-55.631	7.996	-0.5605	-105.72	-132.58	-55.37	2.441747
2bdn	2bdn_HL_A	-12.40349842277525	-10.222455315380897	-10.38014432787361	-10.26468815637306	-9.525214	-9.150137119293214	-9.209621953964234	-9.43826041698456	-10.548074307131564	-11.0603485	-11.103203086853028	-11.307775802612303	-10.64342381477356	-10.662829201116963	-10.67180777251544	-10.64019254880052	-9.700893606389355	-10.793547469494364	-10.794920186172831	-10.570782093810658	-10.313293704986574	-10.778445110321046	-10.247024854024252	-10.755186100006105	-10.584720706939695	-11.5			-12.1		-2.64729	-58.0648734	-5.679	-75.4888	-236.44	-4.409	-29.627	1.849	-0.156	-30.22	-55.82	11.82	1.123197
2c5d	2c5d_AB_CD	-11.326385760546287	-10.887537253209526	-11.349445035841155	-11.041943355693771	-10.7533245	-13.201220569610594	-12.183774194717406	-13.0339781332016	-13.945551965873308	-14.184167	-14.132955513000487	-14.356692943572998	-13.022449312210082	-12.510246383105006	-12.543331019259972	-12.83863603294909	-12.90608302037722	-13.904574796750776	-13.803552416526776	-13.495577599372224	-14.828131055831909	-13.592938208058476	-14.812197428279452	-17.108851947784423	-16.774752197265624				-23.5		-4.51799	-157.805835	-48.305	-400.209	-753.187	-22.524	-55.882	-4.785	-1.2387	-253.68	-292.72	-150.22	4.743381
2ny7	2ny7_HL_G	-10.142825104695492	-10.885609773774627	-10.939493488799116	-11.257984399760062	-11.17631	-9.653005084991454	-10.4116392326355	-10.971683435440063	-10.392674891955082	-10.061172	-9.408123054504395	-9.444335193634034	-9.42037281036377	-10.146866414139511	-10.13180453101139	-10.04341286232178	-9.607340915154053	-10.401019582997066	-10.367303648602729	-10.955819752682125	-10.239285383224487	-12.539939060211182	-11.670418580373129	-10.004379014968872	-9.973932094573977	-12.7			-13.4		-9.03177	-48.5428617	-44.405	-86.3038	-317.749	-11.553	-36.027	0.697	-0.341	-44.85	-67.03	-11.72	1.459006
2nyz	2nyz_AB_D	-12.681812914103553	-12.82655898477724	-12.059742922365697	-11.231519049795498	-14.459137	-10.85400631427765	-12.242954025268556	-12.520534276962278	-10.714314005892389	-11.346232	-11.999321632385255	-11.663504638671874	-11.215348978042602	-12.412940308581248	-12.404507236284598	-12.7628863387696	-13.3428631909352	-10.772266579268926	-11.16658919018948	-10.91400005629434	-13.086306023597718	-13.648188800811766	-12.62746024661594	-14.315865993499752	-13.73382635116577	-10.0			-12.7		-12.04	-119.382557	-36.833	-107.812	-225.774	-11.066	-68.885	0.162	-0.4787	-95.05	-117.34	-47.08	1.458426
2nz9	2nz9_A_CD	-13.362482567876397	-12.457561494459702	-12.290832836771369	-12.035026818047143	-12.231579	-9.696317873001098	-11.95757040977478	-12.589576897621155	-10.16092810659954	-9.5138445	-10.274998397827147	-10.199441337585451	-10.068834466934206	-11.366279946143424	-11.344030331407485	-11.517509224729118	-12.167110118597956	-10.312919621919074	-10.38736162623283	-10.83597286212703	-10.931124105751511	-14.986480579376224	-12.730816226535373	-12.072850666046142	-11.604866409301758				-11.6		-4.99743	-21.0877726	-101.035	-105.463	-299.421	-10.927	-56.652	7.098	-0.582	-68.9	-87.12	-31.98	1.899285
2oor	2oor_AB_C	-10.64836393078838	-10.213851638327297	-10.502822975081784	-9.943106842478809	-9.335534	-9.851906101703642	-8.129695732593536	-8.429585931301117	-9.459718050676448	-8.864092	-8.690736007690429	-8.560091648101807	-8.694413022994995	-9.452293823008862	-9.436766786914353	-9.208310355483908	-9.659244527178169	-9.472716215438204	-9.503778467154476	-9.837913202976894	-9.04374049782753	-9.731546297073365	-8.833533120155336	-9.360508699417114	-9.188508186340332	-11.9			-10.4		-11.3868	-96.6710518	-36.001	-120.535	-353.689	-10.324	-47.222	11.461	-0.566	-65.83	-85.91	-24.52	1.711298
2qj9	2qj9_AB_C	-11.752950849816353	-10.41624922643942	-10.719301683381945	-11.493693384387557	-10.3955145	-10.50367875099182	-10.162548513412476	-10.889031524658204	-10.470899783408202	-10.8217535	-12.550757484436035	-13.025591888427735	-12.391947927474977	-11.483503355437728	-11.505263086675	-11.614740218051072	-12.85995996675085	-10.509164988051396	-10.743024838857554	-10.858114211103093	-12.040867447853088	-11.845684509277344	-12.142603058285182	-12.44670597076416	-12.496477794647218	-11.4			-13.4		-8.93165	-86.9801172	-42.108	-125.289	-337.142	-12.146	-58.422	15.321	-0.4283	-66.46	-83.8	-33.62	1.863917
2qja	2qja_AB_C	-12.214924797652207	-10.031265118730586	-10.33479146771266	-11.611539894692347	-9.915221	-10.563848152160643	-9.493406906127928	-10.830597419738767	-10.4806061794928	-10.952075	-12.612551422119145	-13.07841157913208	-12.26658646583557	-11.321908270424863	-11.34822257302724	-11.415810965040182	-12.776637278927012	-10.536861778390088	-10.688637347249053	-10.89933670910797	-11.84313901424408	-11.201584396362303	-12.060411569807265	-12.288510017395016	-12.3517160987854	-10.8			-12.5		-6.06122	-72.5956063	-37.082	-117.608	-323.497	-10.523	-59.626	14.514	-0.5021	-75.55	-90.11	-38.57	1.843834
2qjb	2qjb_AB_C	-11.330291238184488	-9.867963906486263	-10.446370231680598	-11.401455241085054	-10.039505	-10.439590959548948	-9.40372018814087	-10.643387413024902	-10.529272233428213	-11.156948	-12.69914873123169	-13.21512134552002	-12.59507061958313	-11.283556318858976	-11.312418151854333	-11.367139163291528	-12.269592644728036	-10.623769278010435	-10.560413944689769	-10.850040311876272	-11.87790877342224	-11.23148267745972	-12.077924908532037	-12.355548343658446	-12.396560249328612	-10.9			-13.3		-4.77622	-80.7453135	-35.595	-105.704	-302.408	-10.266	-56.206	14.454	-0.3933	-64.52	-82.33	-32.42	1.75101
2vir	2vir_AB_C	-12.271363094210084	-10.63028934324412	-10.624504854630809	-11.037249903352269	-9.736361	-9.039242528676986	-9.62464274406433	-10.617134294509889	-10.441289954102968	-10.906534	-9.931238765716554	-9.393057556152344	-9.349180212020872	-10.280764054480336	-10.273637751440154	-10.19659502296254	-8.681768801494327	-10.43279450895234	-10.408728529814232	-10.21120450590455	-10.214134654998778	-11.427541112899778	-11.102040250433816	-10.313535842895508	-10.408822259902957	-10.7			-10.9		-2.85623	-56.6043135	-19.803	-64.8044	-195.325	-4.612	-22.909	4.055	-0.2863	-27.26	-38.95	-5.03	0.758943
2vis	2vis_AB_C	-7.360009089686456	-10.734906830420623	-10.66984153914301	-10.960986587789852	-9.414157	-9.034963439852	-9.640743112564088	-10.485831871032714	-10.44100830209634	-10.715153	-9.896179494857789	-9.365794448852538	-9.322097368240357	-10.315543162639203	-10.306992958471652	-10.239850748607006	-8.936144303648563	-10.388774325833348	-10.337746000702394	-10.29249056072744	-10.203612747192384	-11.363788995742798	-10.811771574285295	-10.294531621932984	-10.394015073776243	-10.0			-11.0		-2.584	-46.7437199	-20.249	-68.1649	-205.632	-4.444	-24.663	5.049	-0.2599	-28.26	-39.4	-6.27	0.870367
2vxt	2vxt_HL_I	-12.643966387743763	-11.091909529369094	-11.349587167517814	-10.97861318945717	-11.818081	-10.506635799407958	-10.942625732421876	-11.081974449157714	-10.319306900448366	-10.680203	-10.596238594055176	-10.670294284820557	-10.048992042541505	-10.844074061712137	-10.839021063536022	-10.872189624633595	-11.38337894489088	-10.253702863332585	-10.531426365260725	-10.684218674492069	-10.713429908752442	-12.59586778640747	-11.72516637378269	-10.717247200012206	-10.659812602996826	-10.1			-13.1		-13.7088	-70.0433675	-49.582	-151.703	-441.186	-13.433	-46.259	4.888	-0.545	-76.01	-120.04	-26.48	2.093139
2w9e	2w9e_HL_A	-13.47948785486357	-11.496604182667594	-10.715625363358338	-11.19049490045753	-11.138427	-9.584033584594724	-10.611299562454224	-11.30557855606079	-10.316097378765926	-11.1692915	-10.027595367431642	-9.74209771156311	-9.680077962875366	-10.762099775049618	-10.747124317875834	-10.783447725235	-11.08369779535706	-10.305459245621954	-10.579741782799902	-10.386393508678616	-10.00834192752838	-12.146948890686035	-11.76069540447659	-10.74439564704895	-10.614489507675174	-10.2			-10.3		-3.55799	-45.397908	-41.026	-89.5887	-329.604	-8.459	-37.884	5.575	-0.2576	-35.0	-42.74	-10.36	1.45705
3aaa	3aaa_AB_C	-10.292890601815008	-9.316209569053552	-9.70888181997648	-9.689041030398014	-9.292738	-9.357047798633577	-8.498969755172729	-8.596581349372865	-9.423169517474006	-8.993927	-11.316602497100831	-11.041909351348878	-10.312935943603517	-10.316406033077191	-10.336798557828589	-10.212091720361714	-10.694379387632464	-9.48043521691996	-9.316942330017726	-9.334928218285038	-8.863902344703673	-9.646221456527709	-9.142917691336736	-9.88667160987854	-9.928466701507569	-10.5			-9.6		-10.2852	-70.9961994	-37.849	-129.426	-327.0	-6.872	-43.312	0.452	-0.3254	-60.77	-87.0	-9.02	1.663632
3bp8	3bp8_AB_C	-11.430092514749417	-9.848944589321093	-9.028822956340033	-8.523494759668461	-8.386194	-9.865462970733642	-8.829685678482054	-8.972847609519958	-9.417428065602053	-9.389307	-8.94370273590088	-8.79055758476257	-8.643594446182252	-9.396323662610984	-9.387095392183191	-9.134711633659736	-8.730609235866952	-9.364252881681532	-9.245050252353971	-9.161247085389643	-8.729107265472411	-9.367154569625855	-9.658989111582438	-8.39629405975342	-8.258175296783445	-14.4			-8.4		2.43117	-22.1638238	-5.292	-49.2228	-104.747	-4.256	-9.531	0.751	-0.2047	-39.43	-52.77	-15.7	1.020403
3bpl	3bpl_AB_C	-7.449319455022377	-10.272287435038365	-11.13641968898333	-11.038355488924928	-10.716663	-10.173135128021242	-10.785838193893431	-11.571310558319093	-11.005394881048533	-11.833969	-12.152625331878664	-12.610290966033936	-12.281872663497923	-11.212456383458514	-11.231625036059048	-11.29125089761957	-11.043477049811566	-10.865963913495245	-11.490990263026172	-11.203996483746142	-11.853734273910522	-12.57429775238037	-12.710497580634224	-12.041815547943116	-11.94816255569458	-12.2			-12.0		6.47123	-67.1829377	-34.533	-89.0024	-255.847	-8.919	-25.087	9.806	-0.3663	-51.25	-72.19	-7.94	1.496401
3c60	3c60_AB_CD	-6.70946151672756	-10.088464865702884	-10.131441302069256	-9.498051528151098	-8.899027	-9.113041093349455	-7.937111786603927	-8.061028180122376	-10.036243638478606	-9.228524	-8.749465703964233	-8.865561189651489	-8.931014471054079	-9.418965284833558	-9.405315179814188	-9.166348904265464	-8.899464217680459	-10.170406591190392	-9.64805061837402	-10.391752109946257	-9.385599389076232	-9.62264624595642	-8.259608642260234	-9.107919845581051	-9.154002609252933				-8.9		8.23478	36.5168941	-137.076	-75.99	-244.774	8.345	-29.194	7.019	-0.3048	-30.57	-52.91	8.62	1.463077
3eoa	3eoa_HL_I	-11.80447497775874	-9.808681767414589	-10.226358477144895	-10.254945443703877	-9.395831	-9.199334063529967	-9.409622964859008	-9.259046897888185	-10.029698517275026	-9.058584	-10.122657279968262	-9.48596025466919	-9.121478910446168	-9.965669523691425	-9.968870271565162	-9.80726372852246	-9.91123834893788	-10.065050923536102	-9.891825036202375	-9.876623224617296	-9.43395143508911	-10.456811304092408	-9.845896954006616	-9.558036556243897	-9.561437826156617	-10.2			-9.2		-6.63221	-37.4708368	-20.469	-79.9742	-251.138	-7.354	-33.775	5.727	-0.1823	-43.08	-62.84	-6.92	1.301922
3hh2	3hh2_C_AB	-11.181474414402274	-10.401474258834558	-10.846999535098684	-11.272511495110995	-11.166057	-11.96736068725586	-11.933396892547606	-12.478919019699095	-10.920932191201244	-11.397361	-11.465225849151611	-11.292269554138183	-10.882384309768678	-10.933350053993085	-10.94419421382325	-10.963770790795405	-12.029909978487751	-11.027610281390173	-10.934394656768555	-11.360896042465452	-13.241457357406617	-14.16793197631836	-13.612929473982918	-13.194357261657714	-12.894738960266114				-15.3		-31.5472	-162.139673	-9701090.0	-253.066	-738.152	-22.315	-105.578	31.784	-1.1659	-138.75	-177.1	-52.86	3.912573
3idx	3idx_HL_G	-8.911882483862902	-9.666977854687293	-10.029976597494596	-10.126541813770466	-8.791801	-8.459152638912201	-8.438473916053772	-8.905615286827086	-10.34737123409404	-10.046321	-9.4687779712677	-9.428316440582275	-9.285010795593262	-9.567877912977496	-9.565857411919088	-9.333918545019294	-8.797443403017448	-10.372991600593462	-9.994651918573748	-10.075998576257795	-9.587438950538637	-10.390322818756104	-8.994777536392212	-9.775294246673583	-9.705756883621216	-11.7			-9.7		-8.35166	-46.5633401	-31.261	-75.8653	-199.456	-7.697	-23.0	3.035	-0.3658	-51.37	-80.64	-16.79	1.043244
3l5w	3l5w_HL_I	-13.999724920176622	-9.836773459920714	-10.181614971863068	-10.57982141390246	-8.883663	-8.92553101539612	-9.510297288894652	-9.194933805465697	-11.170303552307926	-11.37193	-11.073820209503172	-11.326607856750488	-10.400411405563354	-10.455296834711945	-10.46790761037796	-10.38691883523992	-10.258104519598412	-11.265595970760351	-11.040523261172964	-10.296617698774588	-10.641964888572694	-11.19675661087036	-10.55858687294854	-11.595146675109865	-11.382752676010131	-11.0			-9.2		-8.44104	-60.5523867	-30.146	-86.1623	-256.285	-6.382	-32.167	4.879	-0.3073	-48.21	-67.04	-7.93	1.456494
3l5x	3l5x_HL_A	-12.438565398719676	-9.717368085187765	-10.042174296805593	-10.40685542802614	-8.776577	-8.819972400665282	-9.58974458694458	-8.962325630187987	-11.160439129218256	-11.448239	-11.109743270874024	-11.391993465423583	-10.655378503799438	-10.413555678030894	-10.427749912093226	-10.335129066251842	-10.464734717150382	-11.20848270185461	-10.975249002483178	-9.96646137572058	-10.638562951087952	-11.37008512496948	-10.593268977271189	-11.481228599548338	-11.285507469177244	-11.3			-9.3		-7.72203	-64.1264766	-22.066	-88.5962	-272.512	-5.606	-29.411	4.782	-0.2719	-55.55	-68.48	-10.59	1.444641
3lzf	3lzf_AB_HL	-11.728777945751451	-10.619589599554534	-10.83868865294352	-10.851755891115848	-9.979225	-9.33940483570099	-10.897667331695557	-12.323510589599609	-10.30583851742918	-10.193539	-10.004655933380128	-9.550842533111574	-9.531783161163329	-10.312122766467333	-10.305853973055749	-10.233466111166578	-8.059476218950373	-10.326138645809914	-10.382957738348573	-10.886004430019504	-10.8005024433136	-13.094687843322754	-12.572748141818575	-10.670924367904664	-10.51467677116394				-9.3		3.54441	-64.1393965	-59.673	-105.283	-198.232	-3.14	-23.742	-4.121	-0.2264	-44.11	-65.44	-5.92	0.985812
3n85	3n85_A_HL	-12.41094699796402	-11.17066649532558	-11.060321429872577	-11.9859203837233	-10.5604725	-10.529148135185242	-10.63514575958252	-12.79920846939087	-10.954499735054045	-11.409026	-11.132345733642577	-11.186303615570068	-10.337273092269898	-11.15150611448408	-11.151115462692545	-11.237389066040487	-11.958284087130345	-10.899591594662896	-10.714536202667404	-11.401721391160905	-13.516874599456788	-12.897470521926875	-13.072015942467582	-12.579807081222537	-12.55360918045044				-11.3		1.25111	-54.5100055	-114.019	-106.69	-336.168	-11.309	-80.231	19.822	-0.3905	-61.18	-77.51	-31.81	2.157529
3nps	3nps_BC_A	-13.842680243028102	-11.58763690314084	-11.350199441730084	-11.624096146710867	-11.702786	-10.541508731842042	-11.929561157226562	-12.802260951995851	-10.211118544322344	-10.020157	-9.824151420593262	-9.54719485282898	-9.162221632003783	-10.70589416186705	-10.687916733109256	-10.718819680410611	-10.628219759429436	-10.365544516780917	-10.48708183815972	-10.886073717456636	-11.26968017578125	-13.652608432769776	-13.230647521548802	-10.660348300933835	-10.560211572647097	-13.0			-12.7		-5.57411	-104.398034	-39.844	-115.853	-374.15	-11.576	-51.639	15.317	-0.4867	-38.51	-73.24	9.43	1.877214
3r9a	3r9a_AC_B	-7.439080227231275	-10.5904022375715	-11.016017474410033	-11.018553594043448	-9.804183	-9.278023905754088	-9.103262181282044	-9.90917851924896	-9.578537659704246	-9.506817	-9.435024070739749	-9.40387586593628	-9.253573951721192	-10.012713154155623	-10.000934929220918	-9.878760423603204	-8.975531961540948	-9.667582028120403	-9.6164829235562	-10.025356008421396	-9.046032085418702	-10.413395214080811	-9.764405398898656	-9.501832466125489	-9.450757122039796	-14.4			-10.6		-7.98107	-64.2838871	-36.719	-88.7171	-172.978	-7.834	-20.497	-2.262	-0.284	-30.09	-64.13	26.23	1.325756
3rvw	3rvw_CD_A	-10.527802011396664	-10.862613571927309	-10.660988039649071	-10.567303062992549	-10.12496	-9.543060936927796	-9.900946187973023	-10.33146300315857	-10.388814524174077	-10.328725	-9.448805351257324	-9.68546600341797	-9.54033157348633	-10.155709461592316	-10.14129673360798	-10.053405090455096	-9.745429294118292	-10.376667874637306	-10.464871172551453	-10.03616938946942	-9.952547101974488	-11.042268552780152	-10.586680465274387	-9.888546667098998	-9.902831573486328	-11.7			-10.9		-8.4212	-77.5987165	-36.419	-66.5385	-283.097	-9.435	-29.7	7.099	-0.3135	-9.45	-37.95	12.82	1.46715
3se8	3se8_HL_G	-9.982720995723096	-10.683940944474015	-10.63174698157561	-10.77010371476121	-11.024383	-10.259875965118407	-9.931896533966066	-11.039346618652344	-10.384794426590322	-10.120038	-9.716274070739749	-9.639840602874756	-9.4403328704834	-10.200107507606882	-10.190242860318316	-10.102290398375995	-9.434943975914283	-10.505007219684272	-10.47734197827958	-10.84311908900718	-10.809332542419432	-11.884692649841307	-11.43447109858195	-10.656000595092774	-10.55376358985901	-10.8			-14.5		7.82225	-78.0067429	-48.91	-131.907	-342.116	-12.804	-36.944	1.189	-0.2747	-55.82	-81.31	-4.58	1.877622
3se9	3se9_HL_G	-10.53920747222914	-9.933372737892432	-10.41176987043392	-10.859686461265817	-9.010587	-8.830522578954696	-8.277083487510682	-9.465967359542844	-10.418463449579829	-10.520316	-9.635943307876586	-9.54079726219177	-9.536049051284788	-9.784658022884509	-9.78162595007104	-9.595709778310892	-9.033297798488531	-10.504979399494296	-10.432287573753396	-11.011139483438704	-9.747684392929076	-10.52268790245056	-10.002610063552856	-9.880377559661866	-9.772962102890014	-11.1			-12.7		1.29126	-56.3930703	-28.856	-74.7807	-207.214	-7.76	-5.982	-4.207	-0.2068	-27.15	-44.17	5.25	1.395681
3v6z	3v6z_AB_F	-11.56437722469331	-11.432654278313796	-11.401463025922238	-12.05504907552376	-11.678272	-10.076214351654052	-11.53900623321533	-12.692483386993407	-10.260776006225148	-10.212865	-9.019248514175416	-8.614303226470948	-8.733671169281006	-10.225951396244607	-10.201348511436176	-10.148044448549776	-10.289232516361857	-10.4683130298449	-10.550163264706852	-11.04439805222598	-10.772071447372436	-12.919456214904784	-12.333119169871011	-10.169288206100465	-10.211004257202148	-11.9			-11.4		-4.24779	-75.7500821	-6.093	-94.5078	-274.299	-7.825	-43.743	16.107	-0.4002	-62.69	-74.15	-33.81	1.559121
3w2d	3w2d_HL_A	-12.594947262492315	-10.523373998555927	-10.990791767981277	-11.45158010041327	-10.253235	-9.616369724273682	-10.324327545166016	-10.101965036392214	-10.304889431069876	-10.27325	-10.416961288452148	-10.46030710220337	-10.395850315093991	-10.470167643504038	-10.469082844715649	-10.418434942245357	-10.64214057719318	-10.429662215354094	-10.229888214852396	-10.428639340452053	-10.575481901168825	-11.760509471893313	-10.78531132804023	-11.023360023498537	-10.954953765869138	-9.7			-10.3		10.9998	7.86208877	5.219	-81.3812	-328.4	-3.883	-17.766	13.722	-0.0569	-14.8	-28.94	8.03	1.252472
4b0m	4b0m_BM_A	-7.657582316464167	-10.669268904715771	-10.235472025512276	-10.066434795930848	-11.031347	-10.364390516281128	-9.637752885818482	-9.562019634246829	-9.873862072182416	-9.528622	-10.544579067230224	-10.702567005157473	-10.3948362159729	-10.606923985972998	-10.605652865403876	-10.58313712163238	-10.413293928079892	-9.936712712464493	-10.014885013204738	-10.24732804513515	-10.139604406356812	-10.825013351440427	-9.973478719923232	-10.82654706954956	-10.619204559326173	-9.9			-7.3		-14.7509	-77.9825279	-62.131	-139.15	-445.583	-12.933	-61.181	20.211	-0.5792	-99.46	-116.4	-42.09	2.440915
4dn4	4dn4_HL_M	-14.207806556239891	-10.713581658639551	-10.516044982956377	-10.449847027788008	-10.607497	-9.17567224264145	-9.669747018814084	-9.690187454223633	-10.52436404196018	-10.918284	-11.323327617645266	-11.4173002243042	-10.458755416870115	-11.018454638142408	-11.024670546720545	-11.0707558869417	-14.507955321461656	-10.611223135831732	-10.223750622228913	-9.886833668272365	-10.48100299358368	-11.25502420425415	-10.23123506175147	-10.717147827148438	-10.581137180328373	-12.2			-9.8		-7.69082	-79.6962474	-27.197	-106.991	-287.787	-4.767	-24.948	8.174	-0.3971	-74.64	-91.67	-21.54	1.744495
4fqi	4fqi_ABCDEF_HL	-12.54069489654688	-10.82563809232492	-10.736416995985293	-10.988765311185714	-9.242933	-9.620057830810548	-11.046421281695368	-11.495336787700657	-10.272663549705165	-10.0570545	-10.050537538528442	-9.706557655334477	-9.637245883941649	-10.43808781542668	-10.430186239188084	-10.386625630772055	-9.654177084281503	-10.222756025044568	-10.528745172463577	-10.236182175807276	-10.703077728748324	-14.110802693367006	-10.842280297809175	-11.820760364532472	-11.099528617858883				-8.6		-16.1529	-84.7585455	-128.624	0.0	0.0	-10.442	-49.657	8.514	-0.4618	-67.55	-81.67	-27.65	1.696431
4g6j	4g6j_HL_A	-11.435841627090277	-10.96517046545557	-10.945887377323553	-10.846536270388526	-11.198753	-9.548262372016907	-10.71925708770752	-10.98258180618286	-10.7659926786418	-11.71255	-10.85318860054016	-11.185976915359497	-9.9497274684906	-10.909179532997864	-10.908037960799737	-10.94661925123966	-10.98007688553584	-10.722565393641087	-11.520533358156182	-11.023602230122764	-10.11556007385254	-11.902087955474853	-11.84859346813626	-10.5111821269989	-10.431442279815672	-12.0			-9.8		-8.50515	-64.3655637	-32.09	-101.132	-274.566	-7.01	-27.701	2.009	-0.3392	-60.16	-81.12	-10.89	1.507345
4g6m	4g6m_HL_A	-13.00437524620522	-10.550291097075156	-10.87060886086874	-11.349156374705895	-10.742831	-9.452893648147583	-10.177766609191895	-11.049765701293945	-10.8432670176315	-11.667912	-10.8149196434021	-11.05310221672058	-9.84879069328308	-10.682605370238628	-10.685303062329634	-10.670232389833764	-9.626676445585586	-10.759756423549174	-11.306456242741945	-10.630660382771016	-10.268257970809938	-11.317334575653074	-11.78634040620592	-10.675149183273316	-10.551539525985715	-11.8			-12.1		-12.5478	-82.547896	-28.48	-111.86	-311.322	-8.511	-18.475	1.069	-0.166	-45.44	-65.54	1.89	1.370579
4hfk	4hfk_BD_A	-13.048887185958518	-10.909783881131368	-10.713801753740777	-10.372569393196924	-11.093056	-10.395493335723875	-10.413506889343262	-10.308796825408937	-10.23313514386479	-11.189245	-11.080256175994872	-10.569949054718018	-10.200323476791382	-10.99502002856312	-10.996757867386528	-11.0470197682328	-10.615955434595296	-10.240132030333118	-10.418727338868935	-9.991307694511969	-10.226343703269958	-11.521908750534058	-11.19205617904663	-11.27010976791382	-11.217854957580563	-10.3			-10.7		-15.5999	-94.184027	-42.66	-119.666	-259.957	-11.375	-34.08	-0.497	-0.4431	-69.22	-91.72	-20.48	1.582631
4hsa	4hsa_C_AB	-11.738329022483477	-10.063520506510583	-10.583369760583173	-11.122225963419758	-9.688683	-11.705930595397948	-11.229451036453243	-11.676653146743776	-10.861450292418828	-12.1415415	-14.274053020477291	-13.883980121612549	-13.307930021286012	-12.168786763493936	-12.211710024871106	-12.418073713103045	-11.6529434582571	-10.921586167387652	-10.839502799498224	-11.832004991121485	-13.64130660057068	-13.630037641525268	-13.925460108121236	-15.408449974060058	-15.03325771331787				-16.2		-10.5479	-77.8919003	-136.058	-209.319	-490.211	-20.135	-67.869	14.891	-0.6334	-143.73	-164.68	-75.37	3.206891
4jgh	4jgh_D_ABC	-10.296074064384294	-9.914895944059255	-9.725134511179428	-9.414476995047664	-9.913152	-9.32843762755394	-8.15360502243042	-8.888470697402955	-9.538769810736785	-8.997182	-9.97555764198303	-9.616490173339844	-9.244044017791747	-9.945226793021142	-9.945845194115762	-9.785240634979624	-8.995599906848213	-9.715060807391632	-9.298833028360535	-9.08926208920534	-8.347574543952941	-9.14298210144043	-8.812875175476075	-9.028442373275755	-8.95566177368164				-8.6		-5.28384	-48.7808593	-59.651	-104.218	-393.446	-9.8	-44.865	13.376	-0.5607	-49.94	-72.24	-16.53	1.891017
4jpk	4jpk_HL_A	-10.03594820555824	-10.973085877098098	-10.966401986053937	-11.382610103765286	-10.144118	-10.484389495849609	-11.02742359161377	-12.350415000915524	-10.12022453241841	-9.905764	-9.08158030509949	-8.856710653305054	-8.811206340789797	-10.027333091098791	-10.0080505923189	-9.903814595174104	-10.863903073294788	-10.3411007145337	-10.220253109145204	-10.7263950990089	-10.07155267715454	-12.432212028503416	-12.43734515508016	-10.039026947021489	-9.867124948501589	-11.7			-12.6		1.74986	-79.9173186	-42.635	-102.404	-281.828	-8.806	-24.887	-3.002	-0.3428	-41.6	-57.72	-0.72	1.641415
4lrx	4lrx_AB_CD	-6.4669683662133615	-10.453261730430034	-11.809723026412	-10.794912848635336	-10.324288	-11.528754825592042	-7.394951043128968	-7.1668433618545535	-9.65135098733543	-8.486792	-8.948436040878295	-9.011163806915285	-8.972858753204346	-9.700848885654164	-9.685508301966603	-9.50713461064464	-10.210286861150577	-9.617378187367429	-10.037421173693495	-9.807372390161534	-9.080934147834778	-8.89861175537109	-7.279637814892663	-9.46888258457184	-9.444508237838743				-10.4		-4.67797	-33.3230181	-105.977	-108.167	-230.701	-3.41	-30.934	2.91	-0.3612	-39.43	-57.18	-0.06	1.723657
4nm8	4nm8_ABCDEF_HL	-11.92556952202245	-11.742717781462703	-10.85736036444211	-11.640287980454072	-10.907188	-10.111310284137726	-10.236284334659578	-10.571223883628845	-10.2805024228385	-9.306923	-9.743377742767333	-9.392992582321169	-9.401777343750002	-10.74304776211502	-10.722665970790976	-10.765907427792476	-11.959271917453036	-10.249048573146592	-10.188309912082996	-10.058882830860606	-10.770337677299976	-13.24650783061981	-10.060282186667123	-11.491275720596317	-10.832296810150146				-9.9		9.65633	7.88889174	-64.546	-27.2245	-82.6392	-2.579	-25.83	-1.688	0.0424	-17.63	-43.14	10.53	0.909766
4p23	4p23_AB_CD	-7.119911336621025	-9.91365957636456	-10.385153606022586	-10.517117442645027	-8.453615	-8.88502421975136	-8.024341564178467	-8.34711175441742	-10.064863723514131	-9.575842	-8.905227499008179	-8.96880868911743	-8.963448925018309	-9.40944353768637	-9.39916331933064	-9.151541392593591	-8.349946481745246	-10.135576725186413	-10.015716626093434	-10.505324818902816	-9.41872931480408	-9.478913526535036	-8.3466542535358	-9.063111267089845	-9.03363690376282				-10.5		-8.09069	-29.062411	-190.806	-92.4105	-309.193	-8.454	-22.962	2.048	-0.3775	-24.68	-48.02	15.69	1.46078
4p5t	4p5t_AB_CD	-7.119911336621025	-10.14019249974271	-10.45435556911677	-10.677074023217314	-9.133603	-9.19294099330902	-9.155960817337036	-9.29417414188385	-10.079757791463155	-9.103538	-8.986206102371217	-9.084392423629762	-9.163764820098878	-9.563199301056963	-9.551435264181398	-9.33798470669174	-9.29122653566964	-10.143583562815708	-10.169262096477134	-10.540628873383554	-9.68159622192383	-10.930088348388674	-9.692298004362318	-9.136755971908569	-9.12265328407288				-9.8		-1.31644	-28.4090562	-168.799	-120.762	-353.753	-7.186	-38.227	5.792	-0.4205	-49.88	-73.16	3.45	1.823455
4pwx	4pwx_AB_CD	-8.545785767194362	-9.352020848402542	-8.10178146275548	-9.228302857549329	-6.5202284	-8.205645238161088	-8.469637775421141	-8.35058213710785	-9.860581508361442	-9.829436	-8.680172414779662	-8.595734214782714	-9.008667974472043	-9.016096631591102	-9.009247634266757	-8.674934233096028	-9.885978240195117	-9.782934009081371	-9.585408405231547	-9.729212838909868	-8.310582461357116	-9.577450742721558	-8.43411591053009	-8.543279156684875	-8.619019594192505				-8.0		12.7563	50.7010506	-54.542	-58.0423	-208.112	6.999	-23.884	0.941	-0.1621	2.1	-35.61	29.68	0.879392
4u6h	4u6h_AB_E	-13.69723752478342	-11.254573563970936	-10.772716256810408	-11.112394450037815	-11.004221	-9.4810005903244	-10.756337795257569	-11.215727682113648	-10.29820843516815	-9.7131605	-9.852801780700684	-9.370582933425904	-9.29526943206787	-10.55368767233581	-10.53939764691863	-10.532047636704108	-9.867079075898523	-10.22109436284078	-10.769346934583549	-10.16107306046444	-9.715776405334474	-12.05834720611572	-11.875625324249263	-10.184194288253783	-10.112318925857544	-11.5			-10.2		1.79679	-20.2319708	-35.354	-69.212	-182.639	-7.548	-22.419	-0.44	-0.4131	-46.52	-66.93	-4.56	1.093032
4x4m	4x4m_AB_E	-10.983575337971809	-9.717772804132784	-9.547068637257505	-10.226302789987155	-8.443955	-9.036981880664827	-8.048169498443603	-8.817994980812072	-10.009081591985847	-10.005656	-9.833693284988405	-9.522631702423096	-8.892428874969482	-9.775733044560594	-9.776914768031968	-9.580780512740494	-9.292840816119371	-9.958341021536263	-10.113533595630583	-10.31913407890433	-10.273652257919313	-9.502672214508056	-8.554836787117853	-10.258396949768066	-10.031437005996704	-8.6			-11.0		14.7319	-23.1990914	23.646	-122.131	-277.84	-0.347	-28.769	14.03	-0.361	-79.61	-87.64	-39.79	1.307211
4zs6	4zs6_HL_A	-8.870621245733146	-10.810942234874195	-10.663437704717998	-10.841808110006603	-9.489139	-9.505717849731443	-10.024876108169554	-10.87391852378845	-10.17511412172493	-10.120593	-9.055333137512209	-8.768320074081421	-8.777766008377075	-9.933137686193202	-9.915240551350465	-9.78911987898842	-10.248299877895493	-10.31188341110608	-9.876287533897909	-10.168764999785774	-9.998722677230836	-11.2064723777771	-11.221094801690844	-9.614775342941284	-9.5922145652771	-12.0			-8.8		-7.00433	-44.9413998	-24.443	-78.6629	-304.789	-7.717	-50.511	10.493	-0.5353	-51.55	-64.83	-22.13	1.183529
5c6t	5c6t_A_HL	-13.47948785486357	-10.703805606351064	-10.716669775028317	-10.807497981736049	-10.063387	-9.16246728181839	-10.351713466644288	-10.30143290191889	-10.736733746481496	-10.870642	-10.979830455780029	-11.261755313873287	-10.838200311660769	-10.841818031065548	-10.84463190002852	-10.861648365990174	-11.581809017547316	-10.631885280175805	-10.129743589202803	-10.338968793970755	-10.0455588388443	-12.174329948425292	-10.475733333163792	-11.281397132873536	-11.145883703231812				-9.3		5.27941	-14.3808127	-2.666	-70.6201	-289.83	-6.23	-28.644	13.668	-0.2609	-38.68	-61.28	-11.17	1.278579
5dwu	5dwu_HL_AB	-14.183902159601516	-10.594633069380231	-10.817120155479214	-11.220033285278806	-9.253761	-8.562014327049255	-8.716606228351592	-9.554110727310182	-10.233811731731803	-10.350342	-10.41331941604614	-10.635655879974363	-10.184214448928833	-10.503976242713186	-10.502127884267434	-10.459866135477196	-10.099929902253583	-10.357715992160744	-10.235105095100794	-10.38569468151298	-11.128026323318483	-10.348696417212484	-9.682411215040418	-11.100606384277343	-10.992789697647094				-10.7		-2.78283	3.47489689	-66.514	-87.034	-327.826	4.169	-35.38	14.855	-0.3076	-55.55	-68.25	-22.68	1.194272
1bj1	1bj1_HL_VW	-11.457698575034962	-10.653209283249344	-11.810795262665112	-12.35604099141604	-11.129599	-10.815359268188477	-12.162623462677	-12.105537033081056	-10.413404546335087	-9.820118	-10.93675968170166	-10.542244396209714	-10.449561100006104	-10.794984482475504	-10.797875068838628	-10.805231647198294	-10.784995635473894	-10.360568977751656	-10.819979667063157	-10.45709503583142	-12.129093141555789	-13.676193122863769	-13.166985354158616	-11.395900688171388	-11.419846925735474				-12.2		-7.72948	-92.7666038	-77.033	-102.108	-375.589	-13.482	-41.159	15.906	-0.2992	-72.02	-81.15	-44.62	1.923181
1cbw	1cbw_BC_D	-10.592514973713024	-10.25310105415545	-10.54541516231191	-11.324106210528283	-10.21663	-9.772694478034976	-10.709444274902344	-10.979825763702394	-12.262875221718897	-13.699666	-10.6794868850708	-10.67319974899292	-10.219960813522338	-10.466293969613126	-10.470640657450636	-10.40837079437797	-10.506214522692767	-12.42602915025908	-12.499090805566258	-12.310867802700043	-9.958094458580018	-11.269206848144533	-11.1460415230857	-10.76086151123047	-10.657890043258666	-12.2			-11.5		1.49958	-89.8952224	-29.609	-91.1331	-174.68	-7.925	-18.977	9.467	-0.3464	-60.38	-64.07	-43.89	1.538619
1cho	1cho_FG_I	-15.172337996945862	-9.845036380031978	-10.924653028406611	-11.550587743390343	-9.962497	-9.855606331825255	-10.87152687072754	-11.03371145248413	-11.980758989210653	-12.584008	-12.471008319854736	-12.51451488494873	-11.78894923210144	-11.158022349943357	-11.18479218952261	-11.218204258280164	-12.699112006324414	-12.001452931312386	-12.408677445470396	-11.823721067643278	-11.38249167442322	-12.019273204803469	-12.011944018469917	-12.477252140045165	-12.305829048156738	-10.7			-12.7		-11.5873	-90.9471547	-32.44	-93.7425	-193.745	-10.539	-31.923	5.973	-0.3893	-69.14	-79.97	-44.15	1.42981
1dqj	1dqj_AB_C	-11.665914769676183	-11.555119377152195	-11.409553751944458	-11.58855871774228	-11.386645	-10.031906099319457	-11.949759674072263	-12.817926502227785	-10.257836987526048	-10.071389	-9.787020606994629	-9.540071907043458	-9.301640510559082	-10.671069992073411	-10.653045534264244	-10.67697327267815	-10.610222495550628	-10.298717946960274	-10.357897820307564	-10.340371391152084	-10.656000165939332	-13.046116466522216	-12.636484326256646	-10.357040185928344	-10.457366342544557	-12.2			-12.7		4.06876	-77.086351	-20.287	-72.8914	-279.737	-4.662	-22.065	5.558	-0.2766	-33.4	-45.93	-3.42	1.260028
1jrh	1jrh_HL_I	-10.98626391330393	-10.847522611578736	-11.745417305006876	-12.234680579066262	-10.89804	-9.9200852394104	-11.294637241363526	-11.905991201400756	-10.392574787127176	-11.064106	-11.108232860565186	-11.656761846542356	-11.095004415512086	-10.97787773607196	-10.980535484022806	-11.025482447272395	-10.781504940949382	-10.528459036753231	-10.610242283964894	-10.019268613037111	-11.751498708724975	-12.836838073730467	-12.585346318615809	-11.916508502960204	-11.815609331130982	-12.6			-12.2		-11.1398	-64.0357535	-36.73	-109.825	-400.067	-10.737	-44.696	16.275	-0.3304	-67.21	-84.03	-31.73	1.705199
1mlc	1mlc_AB_E	-9.600239956236862	-10.855310969299754	-10.764457713774284	-11.423375530403211	-10.964867	-9.207396569252015	-10.208020639419557	-11.581965789794925	-10.236039797596424	-9.951278	-9.899775180816649	-9.636379795074465	-9.379885759353638	-10.377543075058204	-10.367802095201558	-10.31562093382043	-8.910193202948372	-10.292802487562277	-10.200091587367368	-9.801897039921451	-9.72053077697754	-11.204035320281983	-11.706874753700362	-9.74253378868103	-9.879824266433715	-12.2			-10.3		0.460642	-85.5924993	-18.258	-85.0408	-227.355	-4.828	-35.698	5.912	0.0614	-43.78	-61.0	-14.38	1.35532
1n8z	1n8z_C_AB	-12.806087281713962	-10.525054441435358	-11.01118250709587	-10.59587710139452	-8.899808	-8.848880255222321	-9.154807357788084	-9.500456824302672	-10.90383023327528	-11.268899	-11.169499893188478	-11.206610431671145	-10.342682313919068	-10.84727716731192	-10.853846811526084	-10.864478791894754	-9.761724034682302	-10.81840033400741	-10.39543526989118	-10.55826483666992	-11.59292551994324	-11.673533430099486	-10.18879491488139	-11.359259777069092	-11.358346767425536				-9.9		0.118015	-37.5666435	-80.249	-92.1236	-285.746	-5.814	-45.469	12.555	-0.2784	-54.47	-84.87	-13.45	1.350492
1nca	1nca_HL_N	-9.954843337612422	-10.718926908591175	-11.275303875008149	-12.245180517698078	-10.149253	-9.584232687950133	-11.07224892616272	-11.682986373901368	-10.37863035147879	-10.196481	-9.420584421157836	-9.05138442993164	-9.055715703964236	-10.069755664874506	-10.056520024546275	-9.948832191542635	-9.929242415142795	-10.378935862193972	-10.231937065438446	-10.767811129073936	-10.087164697647092	-12.99351987838745	-12.44282153447469	-10.278253364562987	-10.322054271697995	-10.0			-10.1		-8.35462	-78.5118747	-30.299	-121.69	-285.7	-9.225	-35.75	6.219	-0.4656	-50.98	-77.52	-8.89	1.580517
1rew	1rew_AB_C	-12.442495713722725	-10.042878226092627	-10.410787470812252	-10.98400696009744	-9.942801	-10.415488986968994	-10.52397421836853	-11.203325538635251	-10.445927625354557	-10.785263	-12.50601438522339	-13.0147061920166	-12.162907514572144	-11.274446305658008	-11.299556155021534	-11.35991298882962	-13.093876264742676	-10.56172870307768	-10.82742584370405	-10.88714647219431	-12.10341507911682	-12.12148365020752	-12.34025320476956	-12.495504016876222	-12.52388750076294	-11.0			-13.3		-24.5459	-93.4367349	-55.628	-148.108	-362.058	-14.6	-58.859	10.401	-0.3768	-78.99	-100.29	-44.69	1.729691
1vfb	1vfb_AB_C	-11.19161177776548	-11.135505734687992	-10.529354965156305	-10.97115127173496	-10.835738	-9.437472648620606	-9.395572633743283	-9.947080783843992	-10.285033462812171	-10.519891	-10.122362632751464	-9.913747482299808	-9.686554975509642	-10.628934183719728	-10.618605939956584	-10.618626751895368	-10.036722034220473	-10.16596229267118	-10.06615709513315	-10.064188872259646	-9.621173043251035	-10.211484289169311	-9.85328316423628	-9.538032217025757	-9.617850923538208	-12.3			-11.5		-9.83973	-55.5497451	-30.168	-56.2336	-217.767	-7.441	-19.403	2.68	-0.4574	-14.46	-27.54	6.69	0.93055
1yqv	1yqv_HL_Y	-14.432833394804248	-10.805745842452756	-10.76404378410803	-11.332913236882934	-10.297103	-9.438521804809572	-10.56118745803833	-12.117986259460448	-10.271427927324158	-10.117744	-9.827566242218015	-9.54938684463501	-9.267652053833007	-10.316656042335383	-10.306684225584082	-10.242603991386767	-8.977266990136743	-10.270789901010575	-10.255518318312822	-10.04275718471819	-10.001442737579348	-11.696691646575928	-12.123154756757948	-9.9558189868927	-10.09466501235962	-12.4			-9.9		-3.12719	-83.2501081	-31.578	-108.661	-277.671	-6.859	-41.105	6.009	-0.2275	-62.32	-80.28	-26.15	1.499433
1yy9	1yy9_A_CD	-12.111465466485605	-10.589743844103795	-11.214366143962827	-10.9738022588638	-10.391567	-9.354382779598236	-10.166283788681032	-10.545545802116392	-10.022287689155426	-9.876135	-10.164185819625851	-10.101893138885496	-9.832436847686768	-10.376964831864823	-10.372626582901011	-10.309549773946578	-9.81109853562691	-10.011911758584713	-9.676765055799171	-10.36955160594426	-11.26896924972534	-12.49957510948181	-11.207128604253134	-10.511597909927366	-10.384762077331542				-10.7		-3.80328	-73.1585196	-72.469	-93.1988	-273.873	-7.726	-34.981	6.608	-0.2937	-48.98	-69.06	-11.33	1.558516
2jel	2jel_HL_P	-11.58340367945573	-9.413911877978077	-10.301386294487376	-10.63137915259612	-9.133428	-9.204964017868042	-10.285276508331298	-10.6049498128891	-10.074087024696968	-10.188711	-9.8742689037323	-9.94339033126831	-9.599722499847411	-9.644090390855188	-9.648783389870804	-9.418921841755305	-10.208052486489905	-10.16669777138898	-10.719539363296306	-10.130873472562678	-9.954585022926327	-11.506727161407468	-11.079313384162054	-10.59456148147583	-10.61439022064209	-11.8			-9.7		-3.60258	-59.6393072	-28.96	-70.2159	-223.825	-4.901	-31.436	3.625	-0.2796	-32.19	-42.59	-8.13	1.169433
2nyy	2nyy_A_CD	-13.41209032198518	-12.745222578578309	-12.239940961634275	-11.852047620706005	-12.398629	-9.638670611381531	-11.582091331481934	-12.124663252830508	-10.157998346731665	-9.5138445	-10.277578525543213	-10.2124928855896	-10.072432508468628	-11.51140055206076	-11.48624474805666	-11.69497972457478	-11.313754363238012	-10.315848938161864	-10.329626936662397	-10.704265069419844	-10.992896842956544	-14.550597887039183	-12.058096419440377	-12.081332359313963	-11.618131341934204				-12.5		-9.13605	-32.5977452	-105.956	-101.077	-291.159	-5.9	-54.97	6.976	-0.5873	-56.91	-73.15	-21.79	1.827073
3be1	3be1_A_HL	-10.50781414749373	-10.974391450315998	-11.147686729339467	-11.164883139780615	-9.327958	-8.822287485599517	-9.207385416030885	-9.461923155784609	-10.984708230863385	-11.427452	-11.117563400268557	-11.154931659698486	-10.420213327407836	-11.045977425292278	-11.047436957313302	-11.10859801839412	-11.060891110278028	-10.935959667163726	-10.382238472499424	-10.98696376767252	-12.107733259201051	-11.38127965927124	-9.60897868209415	-11.794803409576415	-11.770718097686768				-9.7		-9.99401	-47.2925469	-78.39	-98.7079	-315.069	-7.047	-48.572	15.972	-0.2676	-50.69	-75.57	-11.42	1.612766
3bn9	3bn9_CD_B	-14.698261622228753	-11.1240845783854	-11.28289626981612	-12.16134323902315	-10.834306	-10.68297960281372	-12.226306591033936	-13.737953720092772	-10.176293504841633	-10.080174	-9.742880935668946	-9.590070714950562	-9.275778627395631	-10.433482757027171	-10.41940240857368	-10.387233455292762	-10.462416211308774	-10.278626198820032	-10.536582281196866	-11.05747288600996	-11.151367664337158	-13.59790001869202	-13.429356119367812	-10.537251014709472	-10.469926528930666	-12.8			-11.6		0.82588	-94.0974822	-34.577	-127.033	-386.341	-12.26	-49.119	18.298	-0.6744	-55.52	-79.14	-7.79	1.560577
3g6d	3g6d_HL_A	-14.637257597371407	-11.224100270201172	-11.063232981078144	-10.89703900566304	-11.160738	-9.87978154182434	-10.33505455970764	-10.243507328033449	-11.270072594827464	-11.91258	-11.321208457946778	-11.548260269165038	-10.681072063446043	-11.272654364073976	-11.27364431014627	-11.381755800445552	-11.906632362996612	-11.254309582448355	-10.999655936723656	-11.434695449862913	-11.588050298690794	-12.372046413421632	-11.458491314782034	-12.570658969879153	-12.311880645751954	-10.6			-9.1		-6.84	-86.7787063	-31.26	-148.925	-382.964	-5.54	-57.232	15.333	-0.6176	-61.34	-88.07	-14.62	1.487636
3hfm	3hfm_HL_Y	-11.95518644604999	-11.63606183253054	-10.976386036152586	-11.561830670298102	-10.854944	-9.785043621063233	-11.068554859161376	-12.038270721435548	-10.249975208993297	-10.182448	-9.8184645652771	-9.5782608127594	-9.163388547897338	-10.72726319890382	-10.70873414056691	-10.745075315612054	-10.81169133539817	-10.27738040424846	-10.367162351727096	-10.175906402542632	-10.424441709518437	-12.086635112762451	-11.800713443756104	-10.235748233795166	-10.326689014434814	-11.7			-12.2		16.7682	-57.1844505	13.267	-71.7442	-271.677	-0.913	-18.695	6.596	-0.2327	-32.71	-47.81	-1.45	1.22566
3ngb	3ngb_HL_G	-10.96558427654056	-10.78176072517692	-10.83467456372491	-11.312442325186511	-10.74675	-9.487849669456484	-9.11924593925476	-10.448425016403196	-10.401635001258068	-10.460973	-9.582259635925292	-9.491396350860594	-9.357749013900756	-10.182010180551108	-10.169782155092246	-10.082870940283176	-9.37252504138026	-10.451262819002144	-10.55176496034576	-10.870444163914348	-10.456875267028808	-11.217910537719726	-10.884597375657826	-10.315474929809572	-10.21350079536438	-12.4			-12.9		1.21245	-64.4721471	-42.63	-108.954	-328.479	-9.139	-20.782	2.278	-0.2744	-35.12	-57.17	0.89	1.934571
3szk	3szk_DE_F	-9.752687761833055	-8.77699196754781	-8.11283559883466	-9.201010659736022	-8.357735	-8.850000901222229	-8.611786708831788	-9.236828107833862	-9.946170809984713	-10.664656	-9.892554244995116	-9.622478609085084	-9.218406820297242	-9.334773106271465	-9.346145437694757	-9.040169887511777	-9.075836559527207	-9.967237412711562	-9.49104683973244	-9.51277636954748	-8.832718787193299	-9.506998682022097	-9.607006465064153	-9.376528339385988	-9.310987539291382	-10.3			-7.7		-10.3809	-34.0341999	-11.726	-53.7638	-156.46	-4.092	-19.715	1.273	-0.0528	-7.58	-27.07	19.77	0.745308
3vr6	3vr6_ABCDEF_GH	-11.993048602881782	-12.221063968118946	-14.060760310163587	-14.588812737382389	-12.89615	-15.785077924728396	-13.97448548078537	-15.047295565605165	-9.756935058386356	-9.513466	-9.57645848274231	-9.23959584236145	-9.446040353775023	-10.89876122543063	-10.87180143065128	-10.95977438431088	-11.72200661260332	-9.823496982712648	-10.06291216292142	-10.744544604517476	-15.069522691965105	-17.284438219070434	-13.843781966633268	-15.12972059249878	-14.091323404312137				-20.0		-13.6822	-125.077963	-125.49	-252.23	-755.293	-16.188	-78.727	1.818	-1.2418	-107.51	-151.84	-26.94	4.072213
